x1,x2,x3,x4,x5,x6,x7
-0.2978770025626726,0.060008176711887753,0.15178675651900372,-0.3726432674865054,0.8544599703813202,-0.1102788670540889,0.0591845952223576
-0.48575537761516985,0.03564834115286852,0.44968758490692035,0.7390472712772594,0.08298850858311818,0.08282383493450363,-0.02478377491630477
-0.2619576449033014,0.3510757351448477,-0.3806472319200777,0.1248777007149963,-0.0967296865503485,-0.43825527879100934,0.6679917241378258
-0.22086076048727765,0.33453161970181006,-0.48527187359398405,0.1313459461973558,0.06030196988305388,-0.252597763861088,-0.7205044157625772
-0.17374780865340458,0.3026748216911115,-0.35749853129854087,-0.010611859477896696,0.07716402530428101,0.8511970644773094,0.14068088172972446
-0.5147896503932765,0.274154264261455,0.36946277766778446,-0.5260816876799762,-0.48574877877905875,0.007070709886574204,-0.1027837439353842
-0.5125553980322777,-0.7701883080224383,-0.36062834898768037,-0.07228675274546412,-0.09006632967258871,0.022782156155910664,0.013703395113594488
